TGME49_chrIa	1413005	1413098	2	2	1	0	1	25
TGME49_chrIa	1433016	1433362	1	1	1	1	0	28
TGME49_chrIa	1434016	1434311	1	1	1	1	0	20
TGME49_chrIa	1434866	1435215	1	3	1	1	0	45
TGME49_chrIa	1435349	1435711	1	1	1	1	0	3
TGME49_chrIa	1435801	1436150	1	1	1	2	0	47
TGME49_chrIb	328097	328394	2	2	1	1	0	23
TGME49_chrIb	328460	329021	2	2	1	1	0	45
TGME49_chrIb	1088087	1088860	2	2	1	1	0	22
TGME49_chrIb	1089083	1089359	2	2	1	1	0	34
TGME49_chrII	1386598	1386907	1	1	1	1	0	47
TGME49_chrIII	1620864	1621363	1	1	1	2	0	37
TGME49_chrIII	1895926	1896291	2	2	1	1	0	7
TGME49_chrIII	1896391	1896609	2	2	1	1	0	27
TGME49_chrIV	551022	552284	1	1	1	1	0	29
TGME49_chrIV	2085173	2085272	1	1	1	1	0	33
TGME49_chrIV	2497880	2498412	1	1	1	1	0	29
TGME49_chrIV	2501651	2502054	1	1	1	1	0	3
TGME49_chrV	352893	353849	2	2	1	1	0	30
TGME49_chrV	950013	950275	2	2	1	1	0	45
TGME49_chrV	950612	951335	2	2	1	2	0	7
TGME49_chrV	1976608	1977160	2	2	1	1	0	43
TGME49_chrVI	65073	65923	2	2	1	1	0	33
TGME49_chrVI	939493	939697	2	2	1	1	0	33
TGME49_chrVI	940576	941481	2	2	1	1	0	26
TGME49_chrVI	942445	942721	2	2	1	1	0	6
TGME49_chrVI	1492675	1492818	1	1	1	1	0	34
TGME49_chrVI	1973011	1973204	2	2	1	3	0	44
TGME49_chrVI	1976258	1976862	1	1	1	1	0	8
TGME49_chrVI	2797250	2797704	2	2	1	1	0	20
TGME49_chrVI	2820848	2821483	1	1	1	1	0	23
TGME49_chrVI	2821566	2821892	1	1	1	1	0	42
TGME49_chrVI	3139753	3140030	2	2	1	1	0	18
TGME49_chrVI	3140615	3141095	2	2	1	1	0	6
TGME49_chrVIIa	524583	524992	2	2	1	1	0	27
TGME49_chrVIIa	1387346	1387521	1	1	1	1	0	2
TGME49_chrVIIa	1562873	1563088	2	2	1	1	0	6
TGME49_chrVIIa	2047841	2048283	1	1	1	1	0	23
TGME49_chrVIIa	3524712	3524836	2	2	1	1	0	13
TGME49_chrVIIa	3584184	3585129	2	2	1	1	0	20
TGME49_chrVIIa	3585208	3585560	2	2	1	1	0	43
TGME49_chrVIIa	3592947	3593586	2	2	1	1	0	27
TGME49_chrVIIa	3596797	3597766	2	2	1	1	0	17
TGME49_chrVIIa	4361571	4362087	2	2	1	1	0	2
TGME49_chrVIIa	4362289	4362684	2	2	1	1	0	6
TGME49_chrVIIb	815408	815647	1	1	1	1	0	34
TGME49_chrVIIb	857519	857760	1	1	1	1	0	16
TGME49_chrVIIb	858008	858409	1	1	1	1	0	3
TGME49_chrVIIb	3221544	3222322	1	1	1	1	0	43
TGME49_chrVIIb	3275703	3275955	2	2	1	1	0	33
TGME49_chrVIII	365381	366148	2	2	1	1	0	23
TGME49_chrVIII	372873	373419	1	1	1	2	0	12
TGME49_chrVIII	373499	374475	1	1	1	2	0	44
TGME49_chrVIII	1390582	1391096	1	1	1	1	0	47
TGME49_chrVIII	1391175	1391561	1	1	1	1	0	39
TGME49_chrVIII	1588780	1589261	1	1	1	1	0	36
TGME49_chrVIII	1590511	1591024	1	1	1	2	0	4
TGME49_chrVIII	1591185	1591496	1	1	1	3	0	40
TGME49_chrVIII	1998421	1998517	2	2	1	1	0	9
TGME49_chrVIII	1998658	1998769	2	2	1	1	0	18
TGME49_chrVIII	2793155	2793643	2	2	1	1	0	37
TGME49_chrVIII	5241063	5241934	2	2	1	2	0	34
TGME49_chrIX	611326	611430	1	1	1	1	0	21
TGME49_chrIX	869587	869727	2	2	1	2	0	32
TGME49_chrIX	986583	986875	1	1	1	1	0	46
TGME49_chrIX	1320697	1321132	1	1	1	1	0	34
TGME49_chrIX	4567711	4568159	2	2	1	1	0	47
TGME49_chrIX	4971322	5043134	2	2	1	0	4	24
TGME49_chrIX	4971335	5043147	1	1	1	0	4	24
TGME49_chrIX	5186640	5186872	2	2	1	1	0	27
TGME49_chrIX	5187541	5187914	2	2	1	1	0	22
TGME49_chrIX	5316883	5317051	1	1	1	1	0	28
TGME49_chrIX	5317188	5317586	1	1	1	1	0	33
TGME49_chrIX	5449524	5450173	1	1	1	1	0	36
TGME49_chrIX	5450374	5451121	1	1	1	1	0	8
TGME49_chrIX	5451358	5451473	1	1	1	1	0	20
TGME49_chrIX	6047588	6048859	1	1	1	1	0	24
TGME49_chrX	356335	356733	1	1	1	1	0	35
TGME49_chrX	994791	995082	2	2	1	1	0	35
TGME49_chrX	1524589	1524909	2	2	1	1	0	32
TGME49_chrX	1526803	1527186	2	2	1	1	0	32
TGME49_chrX	1856671	1856818	1	1	1	1	0	41
TGME49_chrX	2487326	2487587	1	1	1	2	0	10
TGME49_chrX	2487627	2488269	1	1	1	2	0	17
TGME49_chrX	3059581	3060022	1	1	1	1	0	1
TGME49_chrX	4877100	4877419	2	2	1	1	0	38
TGME49_chrX	4877465	4877943	2	2	1	1	0	17
TGME49_chrX	4879241	4880079	2	2	1	1	0	35
TGME49_chrX	5188034	5188330	1	1	1	1	0	5
TGME49_chrX	5417569	5418588	2	2	1	1	0	33
TGME49_chrX	5772043	5772257	1	1	1	1	0	2
TGME49_chrX	7425509	7426229	1	1	1	1	0	35
TGME49_chrXI	88022	88327	2	2	1	1	0	47
TGME49_chrXI	433587	434042	2	2	1	1	0	39
TGME49_chrXI	762723	763054	2	2	1	1	0	18
TGME49_chrXI	1304107	1304631	1	1	1	2	0	39
TGME49_chrXI	1499982	1500414	2	2	1	1	0	40
TGME49_chrXI	2990893	2991581	2	2	1	1	0	13
TGME49_chrXI	2991849	2992933	2	2	1	1	0	40
TGME49_chrXI	3912614	3913614	2	2	1	1	0	6
TGME49_chrXI	3914156	3914655	2	2	1	1	0	46
TGME49_chrXI	4814049	4814632	1	1	1	1	0	27
TGME49_chrXI	4972912	4973182	2	2	1	1	0	8
TGME49_chrXI	5232516	5233093	2	2	1	1	0	25
TGME49_chrXI	5233475	5233676	2	2	1	1	0	42
TGME49_chrXI	5233719	5234039	2	2	1	1	0	8
TGME49_chrXI	5816450	5817104	2	2	1	1	0	38
TGME49_chrXII	1213666	1214110	1	1	1	1	0	31
TGME49_chrXII	1215123	1215591	1	1	1	1	0	40
TGME49_chrXII	1310815	1311094	2	2	1	1	0	49
TGME49_chrXII	1913196	1914547	1	1	1	1	0	13
TGME49_chrXII	2285114	2286139	2	2	1	1	0	13
TGME49_chrXII	2286264	2287788	2	2	1	2	0	41
TGME49_chrXII	3630561	3631157	1	1	1	1	0	12
TGME49_chrXII	3631224	3631402	1	1	1	1	0	22
TGME49_chrXII	3631833	3631987	1	1	1	1	0	31
TGME49_chrXII	3885339	3885864	1	1	1	1	0	25
TGME49_chrXII	4239169	4239474	2	2	1	2	0	19
TGME49_chrXII	4239550	4239790	2	2	1	2	0	6
TGME49_chrXII	4239859	4240143	2	2	1	2	0	30
TGME49_chrXII	4498963	4499309	2	2	1	2	0	41
TGME49_chrXII	4499412	4500186	2	2	1	2	0	22
TGME49_chrXII	4915795	4916506	2	2	1	1	0	29
TGME49_chrXII	5239840	5240807	2	2	1	2	0	33
TGME49_chrXII	5502106	5502514	1	1	1	1	0	14
TGME49_chrXII	5708198	5708658	2	2	1	1	0	28
TGME49_chrXII	6011296	6012152	2	2	1	1	0	17
TGME49_chrXII	6053481	6053814	1	1	1	1	0	42
TGME49_chrXII	6053914	6054023	1	1	1	1	0	28
TGME49_chrXII	6334248	6334923	2	2	1	1	0	31
